,-10,-3,-1,0
20,-0.03940399,-0.008976171044100565,-0.011454420607754184,0.04910148980734537
13,-0.0199,-0.0030000000000000005,0.0,-0.029754463591
6,-0.01,0.0,-0.00199,0.0
8,-0.0199,0.0,0.0,0.0
1,-0.01,-0.005970000000000001,-0.001,0.0
-6,0.1,0.0,-0.001,-0.00199
-4,-0.01,-0.0030000000000000005,0.1,0.0
-11,0.0,-0.0030000000000000005,0.0,-0.0030000000000000005
-8,-0.01,-0.0030000000000000005,-0.00199,0.0
-15,-0.01,-0.0030000000000000005,0.0,0.0
-22,0.0,0.0,-0.001,0.0
-20,-0.01,0.0,0.0,0.0
-27,-0.01,-0.0030000000000000005,0.0,0.0
-34,0.0,0.0,-0.001,0.0
-32,-0.01,0.0,0.0,0.0
-39,-0.01,-0.005970000000000001,0.1,0.0
-46,0.0,0.0,0.0,0.0
terminal,0.0,0.0,0.0,0.0
22,-0.028801,-0.011879443031010628,-0.008720917089621076,-0.005921638195723425
25,-0.06793465209301,-0.012145721904729389,0.09104203142463503,-0.08878718387558293
18,-0.03940399,-0.014757243073706558,-0.007946178590067503,-0.006030248567260583
11,0.0,0.0,-0.001,-0.02971891
3,0.0,0.0,0.0,-0.001
-1,-0.01,0.0,0.0,-0.001
-3,-0.0199,-0.005970000000000001,-0.001,0.0
-10,0.0,0.0,-0.001,-0.01
23,-0.039466005391,-0.015013930362608096,-0.003919461640553588,0.09789091601614452
26,-0.07740506283692808,-0.026232359940208318,-0.002461047247207989,0.11531560597712437
28,-0.039460024977361965,0.19593100000000002,0.0012470925434470966,-0.01020772563436383
21,-0.01,-0.014785435466768714,-0.003451135741360021,-0.008987371870567053
14,-0.03940399,-0.008928210000000002,-0.00200791,-0.005970000000000001
16,-0.01,-0.0030000000000000005,-0.004928260358596257,-0.02978084444812474
9,-0.01,-0.0030000000000000005,0.0,-0.0029701
2,-0.0199,-0.0030000000000000005,-0.001,-0.001
4,-0.01,0.0,0.0,0.0
-5,0.0,0.0,-0.001,-0.01
-2,-0.0199,0.0,0.0,0.0
-9,-0.01,-0.005970000000000001,-0.001,0.0
-16,0.0,0.0,-0.001,0.0
-14,-0.01,0.18674240172706902,0.0,0.0
-21,0.0,0.0,0.0,0.0
19,-0.01,-0.014729805030000005,-0.004959128855949938,-0.04424862440935276
12,-0.01,0.0,-0.003958309,0.0
7,-0.0199,-0.005970000000000001,-0.0029701,0.0
0,0.0,0.0,-0.001999,0.0
5,-0.01,-0.0030000000000000005,-0.001,0.0
-7,-0.0091,0.0,0.0,-0.001
24,-0.07646924337919198,0.0,0.09744597903446556,-0.018407932118120626
17,-0.0199,0.41466103819970956,-0.003049734024190001,-0.013051444463868755
10,0.0,0.0,-0.001,0.0
29,-0.03951664998925669,0.06161269314982408,0.0747789554798413,0.05573917902928023
32,-0.12135994131149233,-0.022761412046711206,0.21017920759161404,0.2809766569868818
27,-0.019962354781000002,-0.02049284342722325,-0.005458665911032163,-0.08528799758415899
30,-0.02895320816474038,-0.057259014384392175,0.21842871809589687,-0.030819299079700005
34,-0.09595105348702475,-0.0077280511066635015,0.16267650747699505,0.6626850558822508
37,-0.16949997291138652,0.7758034360409505,-0.0012703128309049692,0.11061881320901062
15,0.1,0.0,0.0,-0.029701
31,-0.052158920603298506,-0.017099876299679812,0.12777222572887456,-0.007235683327153474
33,-0.09789224212173905,0.490099501,0.04105353338653973,-0.0747525528139251
35,-0.03850399,0.5359241643160809,0.018095361939680567,-0.008184105995527484
36,-0.026360023857615628,0.0001762351738961907,0.7427353002569942,0.0701397270198929
40,-0.10008609452004397,0.008719121353902713,-0.005956594419535192,0.49375875888058796
38,0.2587223473839407,-0.014123062049004934,0.013006014090771952,-0.28154560838679954
39,-0.045030444942009785,-0.01720235040202293,0.2672918658648496,-0.0209297674787086
42,-0.00999385219,-0.0020938342800000003,0.0995874714642139,-0.0023996587835536307
45,-0.462654618359093,0.0,-0.0006793465209300996,1.8824288233535236
43,1.0920645693744386,0.001681995027107904,0.5486704580734941,-0.1173586592403198
46,-0.5091663804335032,-0.0101356632867162,0.2893273359355704,-0.024168072213169665
41,-0.25899707696798147,-0.02085452607790425,0.664561368775753,0.09713020647984118
44,-0.038877965957393214,-0.005970000000000001,-0.00646142569482249,0.17931356467089904
48,-0.0199203238,-0.0030000000000000005,-0.004938864382,0.09697579104491
51,-0.028801,-0.008937030900000002,-0.00490099501,-0.009721729621905678
49,-0.11700673126243383,-0.011981045100000004,-0.014318649916749778,-0.010921197000000004
53,-0.1,0.0,-0.00777889425720799,-0.001
56,-0.029781460000000003,-0.017636583674100006,-0.004020591699999999,-0.006005640900000001
52,-0.11357073109,-0.1,-0.004954189501,0.09799100000000001
54,-0.1,-0.0030000000000000005,-0.00780615905160799,-0.005900599000000001
55,-0.019909,-0.014756348730000004,-0.003958309,-0.0039700000000000004
50,-0.06098385155786929,-0.0030000000000000005,-0.00109,-0.0049303
57,-0.1,-0.1,-0.0058609850599,-0.001
47,0.1,-0.0030000000000000005,-0.0010801927000000002,-0.014287388563730357
60,-0.01,-0.10888329079,-0.10197010000000002,-0.1
58,-0.1,-0.0030000000000000005,-0.10199361601000002,-0.004950100000000001
61,-0.01,-0.0030000000000000005,-0.10099000000000001,-0.00199
59,-0.019018081,-0.0030000000000000005,-0.100009,-0.00199
62,-0.010035624781,-0.0030000000000000005,-0.1,-0.001
65,-0.01,0.0,0.0,0.0
64,-0.1,-0.0030000000000000005,0.0,-0.001
63,0.0,0.0,0.0,0.0
67,0.0,0.0,-0.001,0.0
69,-0.01,0.0,0.0,0.0
