,-10,-3,-1,0
20,-0.05410895509000001,-0.02344873368153944,0.018243418812545674,-0.021041108830291748
13,-0.0490368511,0.1623738803367272,-0.005899700193443476,-0.00199
15,-0.05855531419,-0.0205141607106294,-0.006565578372986553,-0.005543940429844111
8,-0.01,-0.0030000000000000005,-0.006793465209301,-0.001
1,-0.0199,-0.0030000000000000005,0.0,-0.001
-6,-0.01,0.0,-0.00199,0.0
-4,-0.01,-0.0030000000000000005,-0.001,-0.001
-11,0.0,0.0,-0.001,0.0
-9,0.0,0.0,-0.001,0.0
-7,-0.01,-0.005970000000000001,-0.001,0.1
-14,-0.01,-0.0030000000000000005,0.0,0.0
-21,0.0,0.0,-0.001,0.0
-19,-0.01,0.0,0.0,0.0
-26,-0.01,-0.0030000000000000005,0.0,0.0
-33,0.0,0.0,-0.001,0.0
-31,-0.01,0.0,0.0,0.0
-38,0.1,-0.0030000000000000005,0.0,0.0
terminal,0.0,0.0,0.0,0.0
22,0.13291063860757713,-0.010368887515797601,0.19391871226039217,-0.024825549765583526
25,-0.1659883651277612,-0.008028120000000003,0.0011066799031680427,0.1980199
28,-0.01810876835465666,-0.005890206514561926,0.033901065791535664,0.009026172867556605
21,-0.06809210536887964,-0.027897897486300727,-0.00772553055720799,0.20130681630129674
14,-0.0199,-0.005987910000000001,-0.0039547320893287856,-0.05926987914133837
16,-0.01,-0.005970000000000001,-0.0018844114246469024,-0.0021716095910694327
18,-0.01,0.07691426683550115,-0.013651450487603859,0.027178597022190012
11,-0.01,-0.0030000000000000005,-0.0001989999999999999,0.0
4,-0.01,-0.0030000000000000005,-0.0020079909999999998,0.0
6,-0.01,-0.011848098000000001,-0.00298801,-0.003979000000000001
-1,-0.01,-0.0030000000000000005,-0.001,0.0
-8,0.0,0.0,-0.001,0.0
-13,-0.01,-0.0030000000000000005,0.0,0.0
-20,0.0,0.0,-0.001,0.0
-18,-0.01,0.0,0.0,0.0
-25,0.1,-0.0030000000000000005,-0.001,0.0
-23,0.0,0.0,0.0,0.0
23,0.0,0.0,-0.012303163200366894,-0.00511310043465005
26,-0.10002738621014348,-0.10811908482654342,-0.02500555782444453,-0.026672078662935427
19,-0.0490099501,-0.02157581000316169,-0.007487350254418391,0.07936513486976729
12,-0.054261482984200006,-0.005997000000000001,-0.00494545681,-0.02978836788626869
7,-0.01,-0.005970000000000001,-0.00490099501,0.09901
0,-0.0199,0.0,-0.001,0.0
2,-0.01,0.0,-0.001,0.0
-5,-0.01,-0.0030000000000000005,0.0,-0.001
-12,0.0,0.0,-0.001,0.0
-10,-0.01,0.0,0.0,0.0
-17,-0.01,-0.0030000000000000005,0.0,0.0
-24,0.0,0.0,-0.001,0.0
-22,-0.01,0.0,0.0,0.0
-29,-0.01,-0.0030000000000000005,0.0,0.0
-36,0.0,0.0,-0.001,0.0
-34,-0.01,0.1,0.0,0.0
-41,0.0,0.0,0.0,0.0
24,-0.5063672739725048,0.4596141889116093,-0.041343673100997166,0.05423630695885057
17,-0.03940399,-0.14815819430661137,-0.01691280051900242,-0.0300174465034495
9,-0.01,-0.0030000000000000005,0.09802989999999999,-0.01363368601
5,-0.01,-0.011291688442200003,0.09284463638900001,0.0
-2,0.0,0.0,-0.001,-0.001
10,-0.01,0.0,-0.003940399,-0.010222420360448561
27,-0.05867898855414286,-0.07824006599611077,0.2172460108086724,-0.0019410582673826536
29,-0.026855016861107507,-0.06821103420519203,0.088962134368382,-0.004909084073331186
32,0.06233003183591,0.012015739188531747,0.7317578744757803,-0.0012844383509737088
30,-0.0199,-0.0199119155313558,0.35326008091063993,-0.02495580407580616
31,-0.02633660266265969,-0.005600906999153863,0.4286812820185304,0.0881204638211024
33,-0.0199526678655391,-0.008617454738740113,-0.02248591857187629,0.2860179029117762
34,0.2738989877237238,-0.0030000000000000005,0.03871585243070501,-0.009036451951597845
36,-0.2485985477674235,0.29701,-0.002970104203274133,0.0001355578698887085
-3,0.0,0.0,0.0,-0.01
35,-0.029337814263330673,-0.009367572120212525,0.08904527131355411,-0.019239269748397427
38,-0.03643379487021836,-0.0030000000000000005,0.14170039143848734,-0.00024914710597309414
40,-0.0279491908411,0.7836133014493245,0.042411488642312756,-0.015120380546191001
43,0.07499772820000002,-0.016985088676712102,0.09399920399,-0.004966661800000001
46,-0.0549104470170761,-0.0030000000000000005,-0.002149399,-0.0030000000000000005
48,-0.01,0.1,-0.00199,0.0
37,-0.043938870225983695,-0.0030000000000000005,0.010333450343699178,0.2035343971793582
39,-0.09344654533605123,0.5027365803083665,-0.0014023383860990147,0.005529667730200433
3,-0.01,-0.0030000000000000005,0.0,0.0
45,0.1,0.0,-0.0058519850599,0.0
47,-0.05131358722211244,0.0,-0.001,0.0
41,-0.007436874785214129,-0.016831998361023483,-0.0005712045414372999,0.30157133309730655
42,-0.019115790338736914,-0.020322918868584176,0.6762707483181393,-0.0121393
44,0.813014130902268,-0.0013188134730000006,-0.01979385469472403,-0.0156539750799
49,-0.007327465490871772,-0.0030000000000000005,-0.001,0.0
51,-0.007559204491,0.0,0.0,0.0
50,-0.009144552691,-0.005970000000000001,-0.001,0.0
52,-0.1,0.0,0.0,-0.001
55,0.0,0.0,0.0,0.0
