,-10,-3,-1,0
20,-0.049045591,-0.03455166907650855,-0.003342668689217139,0.008780102470967593
13,-0.01,-0.0030000000000000005,-0.00199,-0.03950076150118
6,0.0,0.0,-0.001,0.0
8,-0.01,0.0,-0.00199,0.0
1,-0.01,-0.0030000000000000005,0.0,0.0
-6,0.0,0.0,-0.001,0.0
-4,-0.01,0.0,0.0,0.0
-11,-0.01,-0.0030000000000000005,0.0,0.0
-18,0.0,0.0,-0.001,0.0
-16,-0.01,0.0,-0.001,0.0
-23,-0.01,-0.0030000000000000005,0.0,0.0
-30,0.0,0.0,-0.001,0.0
-28,-0.01,0.0,0.0,0.0
-35,-0.01,-0.0030000000000000005,0.0,0.0
-42,0.0,0.0,-0.001,0.0
-40,-0.01,0.0,0.0,0.0
-47,-0.01,-0.0030000000000000005,0.1,0.0
-54,0.0,0.0,0.0,0.0
terminal,0.0,0.0,0.0,0.0
22,-0.03940399,-0.0043209889299639075,-0.0025010544630056615,0.06627082345055033
15,-0.0199,-0.0030000000000000005,-0.001,-0.030671299
10,-0.01,-0.008919300000000002,-0.00199,-0.0030000000000000005
3,0.0,0.0,-0.001,0.0
5,-0.01,-0.0030000000000000005,-0.001,0.0
-2,-0.01,-0.0030000000000000005,0.0,0.0
-9,0.0901,0.0,-0.001,0.0
-7,-0.01,0.0,0.0,0.0
-14,-0.01,-0.005970000000000001,-0.001,0.0
-21,0.0,0.0,-0.001,0.0
-19,0.0,0.0,0.0,-0.001
-12,0.0,0.0,-0.001,-0.001
23,-0.05862535479118,-0.017440010702472697,-0.006045069179548108,-0.005538045947534526
26,-0.0394496929,-0.04121178100402162,-0.024596067351217863,0.02640787904793381
19,-0.01,-0.008928210000000002,-0.00492799501,-0.012532995958235375
12,-0.01,0.0,-0.00199,-0.001
14,-0.01,-0.005970000000000001,-0.0010267309,-0.0030000000000000005
7,-0.01,-0.0030000000000000005,0.0,-0.0010090000000000001
0,0.0,0.0,-0.001,0.0
2,-0.01,0.0,0.0,0.0
-5,-0.01,-0.0030000000000000005,0.0,0.0
-10,-0.01,0.0,0.0,0.0
-17,-0.01,-0.0030000000000000005,0.0,0.0
-24,0.0,0.0,-0.001,0.0
-22,-0.01,0.0,0.0,0.0
-29,-0.01,-0.0030000000000000005,0.0,0.0
-36,0.0,0.0,-0.001,0.0
-34,-0.01,0.1,0.0,0.0
-41,0.0,0.0,0.0,0.0
21,-0.01,-0.0030000000000000005,-0.004854666848407305,-0.0032696430812394215
24,-0.01,-0.012137982087458423,0.09315075736197909,-0.042491353957144276
17,-0.01,-0.0030000000000000005,-0.0020343519550900004,0.0
18,-0.019000000000000003,0.0,-0.00474734517148307,0.0
16,-0.01,-0.011830197000000004,-0.0058519850599,-0.032691377773000005
11,0.0,-0.005070000000000001,0.09799100000000001,0.0
28,-0.03940399,-0.011982011997,-0.018771556910928335,-0.019709843027386122
9,0.0,0.0,0.0,-0.01
25,-0.01,-0.02334086450224536,-0.00508546638784278,-0.026793894859260464
27,-0.01,-0.005169000000000001,-0.013141726998255804,0.0781572733319111
30,-0.009969071454935039,-0.03912278650695991,0.009782392729760853,-0.026978805764186396
33,-0.05799001487431647,-0.0030000000000000005,-0.005915951501944369,0.08192168102981422
29,-0.04510566155953423,-0.02944819512449837,-0.004931640027498962,0.11692475128914981
31,-0.07225899765711344,-0.04430793953790634,-0.0026353969874823293,0.0356264091031957
34,-0.037025494540012804,-0.011632175411853152,0.1194952648781901,-0.03781929447961166
36,-0.058499639642070646,0.19018791795970003,-0.013462777255509107,-0.011456147556765413
32,-0.10496937273145346,-0.03081055606724313,0.28088109230754804,-0.0170290669860707
35,-0.0589008336392097,-0.008911982588162257,0.12590291306594467,-0.005314883435010598
37,-0.029690258943286835,-0.010027398845189365,0.5221793472553515,-0.003745962889925625
38,-0.04591149763530261,-0.09467562870713961,0.08874064180205676,0.35039466403726843
40,-0.0280266418,-0.0059967309,-0.005884652673298301,0.06375108354954878
41,-0.04537646797184453,0.08778533333661062,0.21149671999800987,0.5974494295208768
43,0.2892460681793906,0.006807831785078906,-0.00956486657151955,0.596800276139161
44,-0.04808722287245548,-0.010519069067079894,0.17742573526649608,-0.021852855726610127
47,-0.06372554166192872,0.0730498350106879,-0.03286467668875951,0.4071458483025877
42,-0.18179119244424422,-0.01486131460716217,0.1959964420966675,-0.05154639748254751
45,-0.1105266100606799,-0.016094055451675124,0.4779931974610785,-0.11050172217243076
46,-0.1535855449556671,1.1385850663755472,-0.0027197500054573593,0.0008124213401584036
39,-0.09113590683410032,0.22278602226093136,0.7705906493743183,-0.007878426740238292
49,0.21563996426070373,-0.04507233042545813,-0.2976965909617428,-0.1700706141448513
50,0.07565527053354308,-0.10928384251013104,-0.12271583326503718,-0.052174600893810284
53,0.04267562547630872,-0.005114360145090001,-0.009251201914466484,-0.0030000000000000005
52,-0.24899770067065746,-0.24335012294250002,-0.019470128081207974,-0.14486493089624322
51,-0.008534463395821626,0.1,-0.009944566411300634,-0.02349801683583805
54,-0.1514922670671261,-0.20111212882147309,-0.2017512083548082,-0.10593443949696821
56,-0.10900900000000001,-0.10601120014509001,-0.006794882571625624,-0.10591030000000001
55,-0.043565243259365456,-0.014765073402000003,-0.10486914434337617,-0.04013759756101941
48,-0.01764466091053965,-0.03478381213754031,0.2432622326288794,-0.006910300000000001
57,-0.11823139745619236,-0.1,-0.003940399,-0.009790493059900002
60,-0.06638839420220209,-0.1059669309,-0.10197010000000002,-0.0039900000000000005
58,-0.14410895509,-0.10877636361172564,-0.10277732728981857,-0.199
63,-0.01,-0.0030000000000000005,0.0,0.0
59,0.0,0.0,-0.003940399,-0.0030000000000000005
62,-0.01,-0.1,-0.001,-0.001
61,-0.14174907078226506,-0.1,-0.1,0.0
64,0.0,0.0,-0.1,-0.001
67,0.0,0.0,0.0,0.0
65,-0.1,0.0,-0.001,0.0
