,-10,-3,-1,0
20,-0.06801413286601,-0.04026781699643635,-0.020018293840240998,-0.009628555784697833
13,-0.01,-0.0030000000000000005,-0.0029701,-0.030673980999999996
6,-0.01,0.0,0.0,-0.01
9,-0.0199,0.0,-0.001,0.0
2,-0.0199,-0.005970000000000001,0.0,0.0
-5,0.0,0.0,-0.00199,-0.001
-3,-0.0199,0.0,0.0,0.0
-10,-0.01,-0.0030000000000000005,0.0,-0.01
-17,0.0,0.0,-0.001,0.0
-15,-0.01,0.0,-0.001,0.0
-22,-0.01,-0.0030000000000000005,0.0,0.0
-29,0.0,0.0,-0.001,0.0
-27,-0.01,0.0,0.0,0.0
-34,-0.01,-0.0030000000000000005,0.0,0.0
-41,0.0,0.0,-0.001,0.0
-39,0.0,0.0,0.0,-0.001
-36,-0.01,0.0,0.0,0.0
-43,0.1,-0.0030000000000000005,0.0,0.0
terminal,0.0,0.0,0.0,0.0
22,-0.0199,-0.0030000000000000005,0.002031247542765931,-0.024133471217743112
25,-0.019000000000000003,-0.008972493591,-0.016947559856775766,-0.01337578665414287
27,-0.04923977663003988,-0.0235755276734085,-0.0010621363789835303,-0.010100094397562119
23,-0.01,-0.005834899554652499,-0.01009725805194348,0.025272677334602624
18,-0.01,0.1,0.09189326715864878,-0.0010090000000000001
15,-0.01,-0.0030000000000000005,-0.001,-0.011970100000000001
11,-0.01,-0.005970000000000001,-0.001,0.0
4,0.0,0.0,-0.001,0.0
-1,-0.01,0.0,0.0,0.0
-8,-0.01,-0.0030000000000000005,0.0,0.0
-13,0.1,-0.0030000000000000005,0.0,0.0
24,-0.03940399,-0.02472614498454829,0.15812112121874886,0.09504912176708405
17,-0.01,-0.005970000000000001,-0.004002575581,0.0
10,-0.01,0.0,-0.001,0.0
12,-0.01,0.0,-0.001,0.0
5,-0.01,-0.0030000000000000005,0.0,0.0
-2,-0.029701,0.1,-0.001,0.0
0,-0.01,0.0,0.0,0.0
-7,-0.01,-0.0030000000000000005,-0.001,-0.001
-14,-0.01,0.0,-0.001,0.0
-12,-0.01,0.0,0.0,0.0
-19,-0.01,-0.0030000000000000005,0.0,0.0
-26,0.1,-0.0030000000000000005,-0.001,0.0
-24,-0.01,0.0,0.0,0.0
-31,0.0,-0.0030000000000000005,0.0,-0.0030000000000000005
-28,-0.01,0.0,-0.001,0.0
-35,0.1,-0.0030000000000000005,0.0,0.0
19,-0.01,-0.008910300000000003,-0.0029791,-0.04297969519469688
8,0.0,0.0,-0.001,0.0
3,-0.01,-0.0030000000000000005,0.0,0.0
-4,0.0,0.0,-0.00199,0.0
-9,-0.01,-0.005970000000000001,-0.001,0.0
-16,0.0,0.0,-0.001,0.0
-21,-0.01,-0.0030000000000000005,0.0,0.0
28,-0.01,-0.01766328520073138,-0.0034737433200486534,-0.019016313828527878
31,-0.12145522992434982,-0.03418610363585466,0.161431837635693,-0.0058660816898001
26,-0.058617019080775816,-0.007625079667768066,-0.021589886753983774,0.08389999702622218
29,-0.0394356528867377,-0.07884570091271934,0.4085958984929005,-0.06524309437502483
34,0.2305720062500014,-0.011232073038990001,-0.004540173389025708,-0.0030874297580042926
14,-0.01,-0.005970000000000001,-0.001,0.0
7,0.0,0.0,-0.001,0.0
21,-0.01,-0.005979000000000002,-0.0017898820437293205,-0.0012135812957375979
16,-0.01,-0.0030000000000000005,-0.00029700999999999984,-0.0020168200000000003
30,-0.01,-0.015483374222748243,-0.012667242325913687,0.07775104458443456
32,-0.039622745072006534,-0.008306227325814555,0.05341715137362834,0.0037194087575685717
33,-0.05489324719842079,-0.009733685432876404,0.03820175309948237,0.24824294925131277
35,-0.039418599345577086,0.09210537897844256,0.06797514453152806,0.4959142222793359
36,-0.422995375163443,0.13768040564197195,0.0021259855329144343,-0.02047207300481848
39,-0.029124068228499063,-0.03793892592897107,0.17536554736187535,-0.0030000000000000005
38,0.047139850932233454,1.7868555620046687,0.08802133730197081,0.10341531588215425
41,-0.016537105999470787,0.2849709767735573,1.1279435040492007,-0.004988010000000001
44,-0.06803630261073139,-0.005979000000000002,-0.003940399,-0.0039900000000000005
37,-0.05402385340231651,-0.037208594960861416,-0.004045871587113594,-0.043817762785983934
40,-0.024695948946516402,-0.047211487852858884,-0.0024845166675173946,0.19216179988476995
42,0.2773109701,-0.004269900000000001,-0.009588523399119551,0.016392809895822074
45,0.00182035486067624,0.0009829775014871902,-0.0029701,0.7627275251635909
43,0.5412545214888578,0.10384358633174545,0.1711926545093232,0.18174370832837605
46,-0.05189423369538303,0.0,0.0,-0.0029701
49,-0.018199899999999998,-0.0030000000000000005,-0.00199,0.0
47,-0.009157069193392181,-0.0030000000000000005,-0.001,-0.00199
50,0.0,0.0,-0.00199,0.0
52,-0.01,0.0,0.0,-0.001
51,-0.010008999999999999,0.0,0.0,-0.00199
54,-0.01,-0.0030000000000000005,-0.1,0.0
55,-0.01,-0.0030000000000000005,0.0,0.0
48,0.1,0.0,-0.001,-0.0030000000000000005
